Rewards: [133.38224819055804, -38.27254873837275, -23.978722481962137, 105.14603116254608, 84.92861084725304, 134.57579235606693, 131.30833219816282, 96.91713932028108, 113.1637231160315, 107.01668706791173, 136.865662270255, 127.49567482531798, 137.43339358330314, 155.83094786942155, 125.86812868641258, 34.00516166796704, 135.76616983949992, 112.17144225060537, 85.20064554055656, 138.1928575685893, 136.6210202549475, 135.04897567919178, 146.03294255071526, 102.5472317385605, 129.10327517631734, 122.81527408762406, 150.82333261339087, 116.1491616977244, 112.60563943081452, 136.46386882940004, 120.20016119178324, 72.40529238698265, 140.5467371772481, 90.73545534342499, 135.29263174674566, 113.81751050046448, 97.56001313051702, 137.6974777710837, 115.22283291855983, 160.78392788854643, 144.43501816954048, 148.88270674960413, 100.5963765100531, 71.27373917446667, 123.15826630656315, 151.70371266061164, 135.03709175763265, 138.87145956807257, 157.5853361377066, 104.00402624158903, 164.18611931703683, 172.41893156538126]
Epoch: 51
