Rewards: [-14.322988605851561, -88.0052138395553, 38.68929005586632, 96.60617519647708, -5.369775024584366, 135.4350141218339, 128.5451010578574, 135.07059333954277, 111.42397135246843, 141.62030261175587, 159.87109143531288, 93.92151136980216, 108.43503024987675, 108.17305122096491, 94.40259809509993, 134.46257819014437, 90.44247268484949, 98.9946529314976, 85.17670224466451, 131.06567391607464, 106.9187986978859, 124.96278949276528, 68.89509558046315, 162.0524827967992, 116.33720871656689, 141.3837131576091, 145.8333389871833, 143.8853093821931, 146.83752924435825, 79.3357450569602, 114.66292601239533, 105.064469198713, 111.02931951736034, 150.68159001899585, 158.05883199484566, 154.34721117173535, 168.6927635282348, 162.48812569633614, 138.06985834736307, 151.55548543923095, 135.2154835726233, 90.59907034276166, 121.92155241930543, 101.82351195800557, 101.94580403511885, 142.33839111618454, 154.5724210004561, 158.10454403293207, 128.22854594753966, 68.98662693854207, 171.10636710242227]
Epoch: 50
