Rewards: [70.28793236477487, -46.49123435355515, 99.56353788639566, -100.24372502579259, 75.50103323295582, 128.51908566818346, 121.44907214208736, 16.877574929036683, 119.42846870835393, 141.14443216792216, 109.61031636106185, 77.03048693370167, 148.1497446540107, 108.75975555862902, 151.15974778882827, 133.75875362894297, 126.26875578747538, 115.28659442405143, 119.92581803518911, 122.84645116115814, 123.66359510245631, 126.37736056647996, 123.9579673512925, 145.21340455798142, 146.12686968213004, 166.7594338442372]
Epoch: 25
