Rewards: [61.739433531148144, 113.87704620395208, -1.2571295429124434, 116.09530978589947, 86.22144388509234, 98.21443442024614, 112.27976947297222, 94.69318325121961, 122.96441720488201, 116.74221933666026, 117.57230125427873, 140.45733462474672, 107.43428652148788, 147.92359770242948, 110.31779048862643, 125.7301019736978, 139.99567231883302, 141.46836022278094, 114.80137803071017, 88.12574240486407, 106.84340945011559, 142.65944381609975, 93.97784877501869, 160.85120849602913, 112.96032234734884, 101.37089863963453, 152.11489945406456, 149.97296200842365, 116.8591029034348, 100.87711531221444, 84.01605522641096, 84.8013184628046, 140.08972593491, 140.46171527314024, 136.74931314637556, 113.02328673314085, 80.11175807129085, 102.19916560013242, 131.75436147175037, 150.88343623167904, 140.41573186206065, 30.165005398653356, 84.71697526215597, 130.13517431060578, 142.08473845810528, 126.2587085250872, 105.35528622322893, 159.6031230582818, 68.35606684618043, 139.41437547839033, 166.17570951885364]
Epoch: 50
