Rewards: [-175.90503081492653, -89.14353903613608, -133.32271439378053, 107.4819966202309, 137.25386420740713, 128.46293664695685, 120.29950538903651, 79.85347462017958, 128.26325933625532, 117.45393483696297, 118.55535207590029, 113.70213927819336, 156.53279065995892, 145.5672354162764, 111.58869182761191, 128.49105702069588, 136.9192681729802, 138.1955676245701, 112.8677105647987, 99.39933755474777, 146.16128646957716, 90.07426138337537, 125.23898990767712, 107.86830326802632, 132.871959003537, 160.43708370645373, 125.94832144029598, 112.56772598058436, 150.38152436385968, 127.5003038164727, 81.99865078895722, 134.1159265745241, 86.90196994385927, 148.6660883015969, 131.03856113791505, 131.5133698153234, 135.2944769770054, 163.72207074120374, 119.67998449238628, 126.67760806218993, 128.8629661817924, 116.18430037521867, 119.19883734779381, 116.20066412718639, 91.61450596769076, 135.07057140393542, 131.14164704255472, 86.33154037752598, 154.84795676403587, 96.62700514978829, 127.55591601018845, 135.57253358864284, 144.5414296843423, 137.24455743900361, 109.26602255983482, 135.72619042178653, 122.67026831688412, 112.24011508941099, 48.78633708313566, 141.7398755768787, 138.1440191382113, 113.39961076663792, 132.72735114016913, 160.0258567966058, 101.83067942024036, 114.05707972912512, 130.04773163310367, 86.48570695682045, 142.16853461877693, 136.04193276032242, 119.93569981781215, 105.93427906732094, 138.57862379359042, 138.3821027407067, 167.8815674425451]
Epoch: 74
