Rewards: [-210.7468446390885, -170.6727170103184, -144.70664099510472, 69.17395811825126, 139.21014383886893, 126.34362500726806, 131.06384174062003, 37.29150172288092, 136.44938883841158, 102.41572869089008, 153.36915700305747, 129.46004459003976, 120.67287205267067, 117.51270381824169, 154.11692337902343, 132.2000410895986, 88.36796023621957, 124.68532549468505, 135.00141391450862, 142.28549664928872, 72.46776778813732, 93.45276162834912, 140.41670755720688, 125.02526235175334, 119.9026718981341, 139.6818712340496, 161.14222947841023, 88.49904371761562, 139.908358103471, 126.67393420791711, 137.43034482136636, 82.78679260242467, 112.21802816144361, 133.42056559720436, 147.18803882949302, 118.07128838300007, 140.2446400644554, 112.32389481554308, 163.4108903766056, 145.74586512588098, 136.5597070961848, 135.88997421745512, 104.94727600506496, 34.74786477816077, 112.23985020017548, 51.88093172580977, 130.41270572115292, 119.14073471774525, 93.1926019705857, 105.76656944584303, 155.86969576238334, 161.06947231858595, 114.87748475462433, 147.18933566524612, 97.34627284126766, 96.53820803296968, 119.6625375540493, 138.28664731220792, 108.84772864883894, 120.06738610172377, 94.06723990069692, 162.28413800320556, 153.92241061883058, 90.5990827050874, 136.30253203037148, 148.9819482904789, 117.85824224186369, 143.67935148868168, 127.93891202637911, 109.1479364577662, 142.3802020143871, 65.2519412071543, 134.96714082939738, 114.32501582676878, 147.90120933458363, 139.25496578675723, 155.93433837581534, 96.46879550703184, 91.28336227871456, 119.2761671608781, 39.15966874926287, 145.009423940249, 133.98218275822742, 129.17941068904116, 66.08849209154494, 125.75681936602847, 123.75930537181273, 154.97262740207935, 153.87797390471408, 144.28224802993373, 134.64036074862193, 129.7393350972484, 141.00891343504452, 88.36677179001866, 92.08805163890851, 122.43310450724151, 98.60420004873895, 126.0427872698256, 62.81523998244705, 164.27980066890532]
Epoch: 99
