Rewards: [118.74366854349219, -41.30014295413387, 106.13596958321102, 110.44196540715248, 144.36138702359372, 132.1989367324658, 133.93230822958242, 136.4447452662027, 147.85924893249054, 129.70143703204948, 139.07135260219718, 123.2348415525315, 163.5168502180579]
Epoch: 12
