Rewards: [-110.5500442414022, -17.644106302713052, -68.86004378994632, 39.52979084504998, 67.1164901271633, 109.74597581655648, 123.14359264231848, 129.3989782104108, 68.9612284110886, 104.86860395594029, 116.53721218920283, 164.4313821415252, 168.68403963540263]
Epoch: 12
