Rewards: [130.64512447470398, 109.91610798520895, 120.52844535032193, 130.8553366863174, 82.118184502917, -32.04517829606511, 79.10916145955653, 86.6311898161994, 95.16976023280994, 91.73226101446721, 47.24138448902442, 104.39683575290462, 108.52622023022845, 119.0823451888844, 112.54392477902496, 104.13632619682323, 101.4071901602244, 118.03049337108735, 133.72930509427422, 95.43702739511906, 132.8299927588235, 109.563118709295, 139.9534817466433, 153.7235375928141, 148.62142958529995, 138.69007104410372, 129.44707894463724, 78.2722118991963, 104.74868420954697, 120.98553139551132, 117.97488466899048, 75.51093583741414, 138.48180973926563, 80.68616623413811, 138.36865246732205, 105.82490626216605, 136.122267767637, 162.44120076190856]
Epoch: 37
