Rewards: [78.63430842279386, 82.76471214429426, 77.9877067063373, 126.46915147426168, 112.48544895635673, 87.1122809805235, 37.296245462473536, 109.75472888955449, 86.20567101488122, 147.49416383481932, 103.45082711030528, 160.04984946228817, 119.63300720355942, 160.6443230271613, 157.83819233377952, 121.64002694430732, 79.33130146973885, 133.3990407426003, 66.31139543974938, 140.43152478160854, 139.87165245405902, 89.13439627397875, 156.46757126404435, 149.2971048647461, 118.42527166201722, 113.63648932287931, 153.8290971645343, 135.09364280558847, 139.2968059813537, 146.14616439524852, 119.6557953103728, 135.13072244309996, 106.27456805459515, 121.41779546678711, 145.38476251228303, 121.85005159392217, 129.95637240907993, 140.46789916930288, 106.47179168151811, 84.98514503759232, 68.73088070921995, 98.87630419318154, 99.5635455141071, 96.02972938262938, 120.11065786100833, 139.06454690183168, 116.31044340715583, 131.6674255872743, 124.44659166448034, 142.05672011107873, 121.31815581706958, 142.95694058768862, 127.40528599817651, 135.67178393530457, 97.02469944125977, 132.00030156986242, 135.01690154081862, 124.72476229849293, 108.97503112362621, 97.49763502352373, 145.0074060693716, 76.02560219923213, 164.140637363243]
Epoch: 62
