Rewards: [8.397885270728848, -100.54385580018828, 16.75927588127159, 149.76316034351905, 127.46798433533664, 131.40045778253307, 122.1655626857933, 143.22960149277225, 115.95033356355069, 87.908649340512, 110.62657926873261, 135.15095794381153, 148.16537728281608, 165.0619167713505, 135.76022065068156, 138.27500931015936, 128.3041005530859, 91.79544152502422, 124.39505978646419, 135.21210072125115, 131.45885081048075, 121.57003564878438, 153.94148546113954, 93.07340866839532, 164.19880241249962, 143.6420955399254, 135.49453630905762, 94.91172292873138, 106.1217959967567, 117.06014481544149, 86.95943218063711, 108.52950406037962, 111.69538731411087, 143.556846360673, 34.982596262191635, 106.05302014212117, 48.341104200771504, 123.50587242814616, 133.94382058135562, 146.5017714285841, 41.45660433504197, 132.45125149125556, 66.90322557647642, 120.54567489895395, 134.13709426242636, 127.26851533587138, 152.94155177163057, 94.60987018151259, 114.51872303440513, 122.84909840100984, 109.22011195530013, 118.91444048827728, 18.45705435102294, 125.03206699712383, 118.7532625258118, 121.27847370616875, 121.55194243542545, 131.7694016193867, 99.91302915509313, 150.24730568123474, 134.8505182373421, 137.8979566297886, 125.68833945181271, 117.38813826043732, 140.90958397695758, 119.7317561085261, 141.00098409166063, 91.99643099809727, 134.5932356422912, 138.91521816987043, 127.94413984542426, 94.69860762938367, 117.48354365971296, 119.40894500181528, 134.24339365323507, 165.3225519860725]
Epoch: 75
