Rewards: [95.95985234143993, 123.34239116919834, 36.949654329080566, -155.35735544965345, 39.33287392063542, 74.79758117620882, 94.00159295198779, 73.40468518511389, 107.52548095655004, 84.56274777656282, 80.15229394451883, 116.93944788920736, 145.92683709224198, 123.22828005794796, 144.01813013778863, 129.9432287590033, 106.00318112277505, 133.12604417122733, 138.33857768784932, 137.5759531324328, 137.52378443774523, 134.35873420561217, 136.657155107151, 164.09137150910522]
Epoch: 23
