Rewards: [-115.2516837349376, -86.18907903004701, -74.21133121663149, 47.68689466458744, 120.28915360297412, 126.7053705359363, 141.2804115168147, 117.61868064652248, 151.28906062118548, 149.85566804213238, 150.5834308121507, 157.33199439739036, 122.5740377245415, 90.22517284820037, 132.30559120900426, 100.70106394510071, 118.8648018196847, 140.50608298083554, 141.44103988945704, 124.95926893465284, 132.1002417407537, 124.33153206834598, 151.72213262257972, 106.59059876987118, 138.13161055376372, 92.96128917640549, 81.88978506357624, 130.01683240736705, 124.62242862402096, 109.03105656498118, 90.13777087916009, 141.0453263373334, 139.6095389433374, 46.90427242962847, 96.94287981557476, 143.47317614032872, 157.64768946226567, 113.41401488238408, 140.03765950246657, 158.82448160775814, 133.1605993812355, 108.39527901127957, 83.9169139989759, 144.4813192986995, 104.60956189216482, 147.9584986215335, 153.0185564772384, 100.34780842483431, 142.61049311673983, 129.28692818897616, 134.49058412593425, 144.72988529445772, 149.13828803053633, 131.09106618076572, 107.61422256866662, 128.19908748827783, 103.79365630812116, 140.18208328434164, 119.93674805848063, 136.21753253757257, 159.43282918669587]
Epoch: 60
