Rewards: [71.73614728100137, 115.08155580316469, 68.84805699631814, -93.31930395770819, 87.15868741078067, 112.50277468395309, 112.79768535430553, 71.6370898579968, 148.1795706302318, 108.73772986190686, 126.06877575456582, 118.08933208565048, 119.99744385287232, 95.07245712211362, 43.11450920486426, 105.91826357781781, 101.1515316171875, 96.41897174334342, 112.94599242621871, 141.1293786907792, 121.47099155740655, 103.23854952934495, 129.8403079341078, 132.57621433263475, 126.18566376441586, 150.16812429328283, 82.89153840791224, 132.12776115415906, 99.9586257658488, 142.87648275327513, 116.04209591685505, 93.74961237967086, 137.2306799116733, 138.19775023197874, 137.03123017228452, 144.49896870960902, 74.79336391083322, 163.11716875888305]
Epoch: 37
