Rewards: [-106.75235542638168, -38.00453271676309, -102.40905962192775, -184.4524043159862, 121.29946991196563, 135.5029944630586, 99.41228710293933, 99.18846363135992, 40.88458117936659, 120.65991181429635, 126.20478009744929, 155.9276507380047, 158.46515239417982, 110.23293425262743, 160.3663956604513, 121.95402046120324, 127.12562288459057, 141.54654127801263, 128.97114088252175, 126.38247265270077, 116.05864872423662, 82.15366021432457, 144.3129578381349, 133.9743893291846, 152.78499698013906, 141.8805598350678, 124.32511180804715, 143.31261366882694, 136.85139511562616, 103.39752636499425, 132.3535577655171, 133.12283148323596, 92.91384365084676, 127.85333109000362, 150.83693137718302, 133.18714450343114, 153.00083279710276, 147.0903487259493, 131.24086031257048, 146.50001411631018, 135.11299299064703, 126.71980993110758, 91.95178715581535, 100.5967327652013, 125.1288821622755, 135.75159297906575, 116.1517157425728, 119.93520433182125, 136.5845397712823, 145.73582846487295, 157.96733595030102, 76.52904992852248, 126.3773248234965, 99.97257335594472, 82.37997239991492, 123.14894931242317, 127.2838936670311, 85.3158184486403, 103.22198203439658, 109.09639875915022, 101.71984452833871, 140.67439015693384, 120.00426072846763, 147.1102892053828, 135.6127336318614, 54.924582683474185, 125.26782352401537, 85.23099600114752, 107.9911747343749, 83.0375630594767, 135.56150958860258, 140.30390023439298, 137.05399267623113, 156.08973669902716, 124.05597411499394, 103.5273562024637, 160.83574600453875, 151.2498764037307, 122.39358553793797, 135.8610795283992, 94.835339168353, 47.11568950198233, 37.51714978839011, 119.21299334417243, 130.01584070624656, 143.01003147665384, 162.3566793989301]
Epoch: 86
