Rewards: [84.92469922596244, 78.94366522345696, -24.064391597336193, -44.055352567583796, 107.06171851244649, 80.77504715348093, 131.6469725723362, 126.65096816017477, 77.08705852476632, 87.82884116448685, 130.0506022165319, 136.9329535593871, 147.32911680115762, 112.02805708600346, 101.25194630156277, 104.36784369047348, 107.31693676468483, 119.35574637230847, 122.98922169023598, 100.91184907163127, 88.85597531399587, 141.54787289971011, 154.8782782797034, 148.65595519552048, 110.38392638645988, 145.6739651741876, 135.20720748518136, 138.7787017931431, 109.66089157661702, 138.80108625441278, 122.29082431637345, 129.9924113824228, 56.53833112064167, 138.2946626642652, 143.98013230754603, 115.91350443904129, 94.55078587821227, 107.877971495794, 153.91837878866923, 107.20603449474186, 143.8760696163919, 73.92435102227132, 138.0315403091926, 136.44611477395023, 88.21610717316044, 119.7478103308488, 109.2348293864766, 119.56315421205849, 127.05295197185794, 138.8877738448102, 150.26319628870928, 141.28505997618794, 139.74326267256166, 102.79450479244956, 110.12986622160422, 129.2377134498296, 111.74236858562735, 79.99629529863829, 143.5907549626614, 134.3767291894895, 134.8790808889893, 94.28455486093279, 141.14804359806237, 139.8671006476882, 143.04937732864735, 113.06987885728239, 104.60759211147243, 101.66962655816303, 136.83865591998295, 102.00392782509776, 65.54538671791789, 17.890390851554912, 134.30370567135023, 162.1042987032482, 129.45153984879246, 83.88944424767858, 141.35752050015364, 128.81917370604052, 81.67675599876662, 107.00408901130453, 128.33028367333307, 103.74915798733502, 122.96414725932289, 127.19707849643464, 149.0320328898959, 73.11016074435884, 145.00944343012668, 160.01105141976964, 143.63489287429428, 132.2844288486733, 135.89705567438315, 63.526450579871955, 142.64494752354452, 131.86301038309136, 104.82413573681116, 67.16369094194143, 132.38794256635268, 132.4617843685002, 142.66108815946976, 163.3141819398571]
Epoch: 99
